0.0554
0.0757
0.028
0.1151
0.0449
0.0951
0.0613
0.0741
0.0596
0.0581
0.0715
0.0605
0.0691
0.0925
0.4227
0.1456
0.1179
0.1882
0.0886
0.0757
0.1383
0.1834
0.0725
0.0455
0.1453
0.0972
0.3167
0.2388
0.0725
0.2877
0.0867
0.359
0.057
0.0526
0.0943
0.0954
0.0802
0.5453
0.1981
0.2164
0.0796
0.3476
0.0934
0.1767
0.2562
0.2186
0.3957
0.175
0.2313
0.2319
0.281
0.1794
0.4168
0.132
0.3579
0.2023
0.1003
0.3563
0.0935
0.2075
0.5844
0.4806
0.5604
0.278
0.4955
0.3966
0.4096
0.4881
0.133
0.4942
0.5788
0.519
0.1228
0.1201
0.4699
0.4517
0.3891
0.3358
0.3497
0.3148
0.2626
0.3479
0.2872
0.162
0.1535
0.5239
0.3178
0.0898
0.3194
0.2811
0.2805
0.2862
0.3532
0.4484
0.2646
0.3037
0.0841
0.0864
0.2301
0.0881
0.2109
0.5928
0.1847
0.1246
0.1056
0.3563
0.3014
0.2345
0.2121
0.1123
0.175
0.2437
0.1533
0.317
0.3035
0.2982
0.2376
0.3821
0.2187
0.2368
0.2813
0.3659
0.3544
0.1517
0.1182
0.0817
0.4114
0.0894
0.0814
0.1319
0.1902
0.0901
0.2202
0.4296
0.1908
0.1213
0.3962
0.2047
0.1708
0.1433
0.0851
0.2255
0.1122
0.3278
0.1871
0.154
0.2273
0.1103
0.0977
0.1807
0.1323
0.183
0.1516
0.4304
0.3148
0.1259
0.2543
0.1908
0.157
0.0896
0.3022
0.4171
0.3966
0.1106
0.0849
0.0822
0.6104
0.089
0.1992
0.0915
0.1004
0.2111
0.3677
0.3197
0.6009
0.413
0.4042
0.2701
0.2972
0.3408
0.227
0.2346
0.384
0.4837
0.397
0.2777
0.3779
0.3072
0.3259
0.3582
0.4645
0.2767
0.2353
0.2094
0.2916
0.4655
0.5361
0.608
0.4398
0.3959
0.4602
0.2731
0.3695
0.3689
0.0792
0.0531
0.0665
0.0765
0.1579
0.1069
0.0666
0.0529
0.0635
0.0727
0.0887
0.1185
0.0787
0.0605
0.0544
0.1003
0.0586
0.0746
0.0708
0.168
0.037
0.046
0.0731
0.0745
0.1054
0.0406
0.0488
0.0518
0.0579
0.076
0.089
0.0429
0.175
0.0415
0.155
0.0642
0.0376
0.083
0.0687
0.1033
0.0551
0.3632
0.2605
0.398
0.3039
0.291
0.2601
0.1997
0.2355
0.1688
0.2119
0.1786
0.1719
0.2612
0.1022
0.1909
0.105
0.1205
0.183
0.1769
0.0885
0.0741
0.0833
0.0796
0.0681
0.0991
0.0602
0.0744
0.06
0.0834
0.0389
0.0547
0.0772
0.071
0.0726
0.0839
0.0653
0.0624
0.073
0.0775
0.0498
0.2244
0.1655
0.4157
0.217
0.0811
0.4239
0.0856
0.1529
0.1149
0.305
0.1395
0.2605
0.1341
0.3099
0.3566
0.1639
0.2966
0.1615
0.3209
0.3944
0.2
0.1445
0.1209
0.1769
0.2821
0.2917
0.2859
0.0924
0.1843
0.2824
0.0909
0.2387
0.1532
0.2881
0.1142
0.4153
0.1263
0.289
0.1589
0.2189
0.125
0.0925
0.1859
0.2758
0.0769
0.2787
0.3178
0.4651
0.3531
0.1739
0.0775
0.1155
0.2858
0.1486
0.1118
0.3239
0.0852
0.0901
0.1752
0.1366
0.2364
0.1023
0.3069
0.2784
0.2393
0.2725
0.1235
0.1185
0.1334
0.213
0.2389
0.1217
0.2844
0.1461
0.0691
0.1387
0.2684
0.3273
0.5035
0.2088
0.1503
0.325
0.2491
0.084
0.1198
0.2323
0.1556
0.0967
0.157
0.2547
0.0843
0.2278
0.2696
0.0916
0.2877
0.1239
0.4643
0.2054
0.2281
0.2411
0.0259
0.0121
0.0958
0.0121
0.0198
0.016
0.0374
0.1119
0.0166
0.0138
0.1023
0.0282
0.0142
0.0379
0.017
0.0171
0.079
0.0138
0.0322
0.0016
0.0311
0.0121
0.0301
0.0472
0.0111
0.0223
0.0028
0.0151
0.0115
0.0277
0.0328
0.0383
0.0195
0.0262
0.0147
0.0122
0.0501
0.0133
0.032
0.0147
0.1077
0.0535
0.0095
0.0144
0.0687
0.0346
0.0109
0.0457
0.2605
0.0145
0.1824
0.1391
0.0166
0.0341
0.0385
0.0144
0.0362
0.0152
0.0369
0.0163
0.1459
0.0126
0.017
0.0167
0.014
0.0175
0.0179
0.1327
0.0186
0.0133
0.2379
0.0712
0.0163
0.014
0.0645
0.0303
0.0224
0.0379
0.0133
0.0114
0.0798
0.0168
0.0128
0.0322
0.0266
0.0322
0.0817
0.0767
0.0674
0.0498
0.0422
0.0627
0.0141
0.0332
0.0213
0.0737
0.0779
0.0327
0.0182
0.0376
0.0227
0.0167
0.0137
0.043
0.017
0.1342
0.0853
0.017
0.021
0.0126
0.0121
0.0138
0.018
0.1398
0.0114
0.0579
0.0388
0.0171
0.0275
0.1133
0.0571
0.0313
0.0216
0.0486
0.0046
0.0217
0.0034
0.014
0.0259
0.0307
0.0191
0.0261
0.0341
0.0145
0.0438
0.0391
0.0172
0.0134
0.0624
0.0195
0.0186
0.0377
0.0379
0.135
0.0509
0.0309
0.0286
0.0309
0.0254
0.01
0.0187
0.0175
0.0145
0.0505
0.0136
0.0118
0.0554
0.0114
0.0748
0.1229
0.0365
0.0281
0.0311
0.0296
0.0376
0.0091
0.0132
0.0455
0.013
0.0347
0.0608
0.0142
0.0221
0.1638
0.0421
0.017
0.03
0.0221
0.0369
0.0106
0.0518
0.0266
0.0224
0.0472
0.0437
0.0718
0.0076
0.0164
0.0586
0.016
0.0085
0.017
0.0296
0.0186
0.0164
0.0148
0.0525
0.0129
0.0874
0.0269
0.0273
0.0201
0.0155
0.0414
0.0319
0.0398
0.086
0.3148
0.0592
0.0448
0.0878
0.0216
0.0243
0.014
0.024
0.0354
0.0128
0.0737
0.0252
0.0624
0.0293
0.0486
0.0182
0.0163
0.0141
0.1022
0.035
0.0339
0.1346
0.0578
0.0064
0.049
0.0336
0.0213
0.0353
0.1159
0.2376
0.0132
0.024
0.0193
0.0685
0.0122
0.0142
0.1986
0.0691
0.0273
0.0334
0.121
0.0031
0.0119
0.0144
0.0341
0.0384
0.0685
0.094
0.0225
0.0155
0.011
0.0194
0.0826
0.0119
0.0155
0.0156
0.0604
0.1106
0.0123
0.0446
0.0103
0.0183
0.0559
0.0186
0.0176
0.0448
0.0237
0.1092
0.0133
0.0586
0.0278
0.0096
0.0886
0.009
0.0296
0.0258
0.0444
0.0334
0.0259
0.1156
0.0212
0.0678
0.1236
0.0331
0.0176
0.0308
0.057
0.0318
0.0385
0.0528
0.0972
0.0212
0.0126
0.018
0.0258
0.0338
0.0282
0.1179
0.0365
0.1301
0.0128
0.1471
0.0293
0.013
0.1267
0.0255
0.021
0.1817
0.0081
0.0153
0.0104
0.0028
0.0354
0.0206
0.0129
0.016
0.0607
0.0445
0.057
0.0328
0.1916
0.0407
0.0028
0.0779
0.0408
0.0311
0.0377
0.1176
0.1868
0.0167
0.0164
0.0868
0.0172
0.0133
0.022
0.0278
0.0263
0.0193
0.0175
0.0191
0.0153
0.0349
0.0465
0.0308
0.0407
0.0414
0.07
0.0284
0.0242
0.0309
0.1053
0.0159
0.0094
0.0293
0.082
0.0164
0.094
0.1312
0.0183
0.0129
0.011
0.0145
0.0258
0.1103
0.0635
0.0326
0.0244
0.0328
0.0605
0.0125
0.1009
0.0267
0.065
0.0123
0.0239
0.0377
0.0122
0.0157
0.0327
0.0336
0.0267
0.0149
0.0235
0.0309
0.0161
0.0517
0.0142
0.0178
0.0562
0.0655
0.0117
0.019
0.0396
0.0132
0.0426
0.0267
0.0312
0.0202
0.037
0.0168
0.0252
0.0221
0.0281
0.0427
0.019
0.0123
0.021
0.011
0.0373
0.0137
0.0115
0.0242
0.0084
0.0236
0.0136
0.0125
0.0341
0.0779
0.0208
0.0929
0.0316
0.0114
0.0117
0.0327
0.0376
0.0168
0.0125
0.0119
0.0342
0.0521
0.0744
0.1753
0.0628
0.0841
0.0704
0.0947
0.0885
0.1003
0.0588
0.1294
0.117
0.1047
0.1095
0.1715
0.0745
0.0881
0.0524
0.0851
0.0978
0.0544
0.0514
0.1118
0.0815
0.2422
0.1731
0.0574
0.1398
0.143
0.0775
0.0581
0.0604
0.0731
0.0996
0.0725
0.0486
0.0739
0.1799
0.0885
0.0802
0.1117
0.0655
0.0735
0.0966
0.0336
0.0752
0.081
0.0712
0.1057
0.1387
0.0411
0.0548
0.0669
0.1585
0.1042
0.0947
0.3792
0.0825
0.1421
0.0661
0.1035
0.0566
0.0696
0.0604
0.0864
0.1009
0.0864
0.2512
0.0677
0.1308
0.0486
0.0723
0.0695
0.0802
0.1798
0.0853
0.081
0.0799
0.1129
0.0643
0.0719
0.1427
0.0398
0.0761
0.0787
0.0722
0.0898
0.0604
0.1157
0.0503
0.1156
0.0777
0.083
0.1763
0.1003
0.0848
0.0771
0.0805
0.1459
0.0877
0.052
0.1883
0.1969
0.0784
0.0794
0.0836
0.0845
0.0696
0.1586
0.0841
0.0807
0.0387
0.0588
0.0609
0.063
0.0794
0.0696
0.0593
0.0756
0.1486
0.0984
0.0829
0.1075
0.3695
0.0942
0.1284
0.0626
0.0734
0.0638
0.0788
0.082
0.1235
0.1281
0.0932
0.1225
0.0396
0.0583
0.1185
0.0623
0.0988
0.1015
0.0795
0.0615
0.1065
0.1062
0.0977
0.0733
0.1658
0.1045
0.0864
0.0715
0.1456
0.1404
0.2824
0.07
0.1271
0.2446
0.0928
0.0665
0.065
0.0734
0.094
0.1062
0.064
0.083
0.0953
0.1246
0.2099
0.109
0.0479
0.0684
0.0742
0.0966
0.0752
0.1122
0.0514
0.0604
0.1104
0.1062
0.0685
0.084
0.1047
0.3102
0.0976
0.1125
0.0757
0.0619
0.1043
0.117
0.1978
0.0946
0.0681
0.1545
0.1111
0.1491
0.0887
0.0763
0.0564
0.0445
0.0948
0.0776
0.0613
0.197
0.0602
0.0612
0.1961
0.0801
0.1991
0.0674
0.2623
0.0697
0.1403
0.1402
0.284
0.1064
0.0484
0.0741
0.0885
0.0811
0.0642
0.064
0.4246
0.0862
0.221
0.0598
0.303
0.0589
0.0805
0.0461
0.0693
0.0868
0.0664
0.0715
0.0993
0.0828
0.0645
0.2035
0.0973
0.0768
0.0607
0.0886
0.0714
0.0535
0.1111
0.1118
0.0772
0.117
0.157
0.0714
0.0741
0.1011
0.0503
0.1354
0.0701
0.4912
0.0826
0.4939
0.0714
0.1083
0.2076
0.2449
0.1286
0.0803
0.0689
0.0389
0.0765
0.1201
0.1274
0.0809
0.121
0.1461
0.0657
0.0639
0.0464
0.0954
0.2355
0.064
0.0601
0.0749
0.0589
0.0802
0.1217
0.0502
0.0877
0.1065
0.0621
0.0716
0.0664
0.1076
0.0872
0.0668
0.0653
0.0611
0.0796
0.0569
0.0773
0.0777
0.0616
0.0613
0.0722
0.1166
0.0616
0.0498
0.0963
0.0653
0.0746
0.0754
0.0693
0.072
0.0638
0.0662
0.071
0.073
0.0605
0.076
0.084
0.0722
0.0932
0.083
0.0704
0.0798
0.075
0.0749
0.0754
0.1028
0.0687
0.062
0.0788
0.1022
0.0763
0.0874
0.0704
0.0692
0.0695
0.076
0.0691
0.0626
0.0758
0.0704
0.0699
0.0879
0.0691
0.0754
0.0731
0.1046
0.0689
0.0714
0.0748
0.0787
0.0687
0.0696
0.0741
0.0684
0.0772
0.0495
0.0753
0.0509
0.0634
0.0893
0.072
0.068
0.0841
0.0643
0.0592
0.0796
0.0815
0.0657
0.0692
0.0867
0.0642
0.0858
0.0712
0.0674
0.0817
0.0716
0.072
0.0744
0.0746
