0.0654
0.1323
0.0953
0.1487
0.0703
0.2841
0.2544
0.0691
0.1991
0.0955
0.0551
0.151
0.0959
0.0783
0.2569
0.2631
0.211
0.1476
0.2012
0.1514
0.1305
0.1156
0.1594
0.1478
0.0957
0.2014
0.3271
0.1874
0.133
0.3645
0.263
0.383
0.1303
0.1655
0.2446
0.2813
0.0996
0.3369
0.21
0.1531
0.2197
0.4552
0.2524
0.1799
0.3786
0.2231
0.3726
0.1494
0.2328
0.2213
0.3669
0.2303
0.1183
0.127
0.1844
0.294
0.072
0.3015
0.1066
0.3151
0.4592
0.3897
0.2855
0.1874
0.4214
0.1385
0.2324
0.408
0.1429
0.1752
0.451
0.1856
0.0988
0.105
0.2848
0.3613
0.232
0.3003
0.3737
0.1742
0.1493
0.5004
0.1753
0.3126
0.2221
0.1562
0.2749
0.0924
0.2216
0.1255
0.1408
0.2806
0.3351
0.2602
0.1965
0.3723
0.1929
0.1541
0.181
0.1807
0.3071
0.3052
0.1544
0.0548
0.3106
0.3437
0.308
0.264
0.3449
0.2119
0.089
0.1384
0.3425
0.343
0.354
0.2974
0.1426
0.2479
0.0815
0.1589
0.3046
0.4939
0.2868
0.1361
0.2266
0.1697
0.2769
0.3239
0.1278
0.14
0.2271
0.1189
0.2474
0.2005
0.2243
0.1635
0.2563
0.3392
0.308
0.1908
0.1149
0.3467
0.2095
0.3737
0.0932
0.271
0.2659
0.1801
0.122
0.2024
0.2114
0.1308
0.2277
0.1999
0.4593
0.0875
0.3985
0.3042
0.2691
0.1661
0.3083
0.44
0.3491
0.1848
0.1437
0.0985
0.318
0.1719
0.0613
0.1208
0.1106
0.0502
0.2449
0.2545
0.3741
0.3531
0.2558
0.1387
0.1996
0.3905
0.3715
0.2796
0.2946
0.3449
0.3627
0.2851
0.3385
0.2331
0.262
0.2714
0.4417
0.4137
0.2883
0.3223
0.2882
0.2989
0.3436
0.5107
0.1569
0.1733
0.2676
0.2073
0.1102
0.2073
0.2197
0.0787
0.1147
0.1033
0.1898
0.1932
0.175
0.1506
0.0701
0.1273
0.1099
0.2282
0.1963
0.1674
0.0613
0.2437
0.0623
0.0795
0.194
0.3864
0.0898
0.073
0.0779
0.0756
0.1875
0.0658
0.0932
0.0727
0.1342
0.1626
0.2258
0.1878
0.3754
0.0486
0.244
0.0877
0.1404
0.2106
0.246
0.1551
0.1315
0.2801
0.178
0.262
0.1475
0.1954
0.3934
0.1153
0.2075
0.2028
0.2678
0.1632
0.0988
0.3152
0.1533
0.2254
0.1144
0.1266
0.2887
0.1967
0.1777
0.1817
0.1351
0.1905
0.0734
0.1932
0.081
0.3129
0.1217
0.2437
0.0791
0.1312
0.1761
0.3123
0.1106
0.0848
0.1005
0.1647
0.1023
0.0906
0.0916
0.1585
0.1611
0.1307
0.2837
0.1087
0.3113
0.1438
0.0678
0.176
0.168
0.1687
0.2852
0.255
0.2064
0.3374
0.19
0.1742
0.2682
0.3598
0.3236
0.1402
0.094
0.1776
0.1798
0.217
0.1668
0.3121
0.1267
0.2582
0.2223
0.2134
0.1379
0.1062
0.1304
0.1814
0.1246
0.143
0.1761
0.1697
0.1972
0.0596
0.1859
0.1427
0.2684
0.1767
0.0985
0.2155
0.1073
0.219
0.3377
0.1996
0.1758
0.3001
0.2901
0.0626
0.2638
0.0776
0.2642
0.1526
0.0898
0.1271
0.0531
0.1349
0.1147
0.1768
0.2098
0.0923
0.1616
0.1292
0.0856
0.2341
0.1281
0.2494
0.2242
0.0597
0.1715
0.3365
0.3456
0.3506
0.1415
0.1928
0.1164
0.1038
0.1099
0.1616
0.1258
0.0664
0.2153
0.2811
0.1118
0.0486
0.0757
0.1551
0.2065
0.2171
0.1776
0.1583
0.1586
0.1879
0.16
0.0374
0.0412
0.0224
0.0392
0.0687
0.0608
0.0512
0.0251
0.0522
0.0242
0.125
0.0545
0.0391
0.0536
0.0353
0.0172
0.0212
0.0286
0.0246
0.0509
0.0138
0.0289
0.0221
0.0761
0.0776
0.0915
0.1015
0.0754
0.0166
0.0647
0.0395
0.0388
0.0194
0.0442
0.0429
0.0669
0.1261
0.035
0.044
0.0588
0.025
0.0224
0.033
0.0887
0.1512
0.0364
0.1015
0.0376
0.1019
0.0233
0.0708
0.0303
0.0186
0.0395
0.0174
0.0479
0.0457
0.04
0.0634
0.0478
0.1166
0.1138
0.1138
0.0449
0.0214
0.0479
0.0345
0.0632
0.0366
0.0449
0.1202
0.0891
0.0323
0.0137
0.0199
0.0699
0.0634
0.0263
0.0242
0.0361
0.016
0.0555
0.0297
0.03
0.086
0.056
0.019
0.1062
0.1711
0.0357
0.0399
0.164
0.0588
0.0582
0.0472
0.0247
0.0239
0.048
0.0304
0.0221
0.0806
0.06
0.0972
0.0843
0.0275
0.1902
0.0658
0.0315
0.0408
0.0324
0.0199
0.0176
0.0837
0.0478
0.0361
0.0167
0.0388
0.0194
0.0261
0.0919
0.0684
0.0583
0.0685
0.1647
0.0647
0.0628
0.0155
0.0867
0.0678
0.0449
0.0493
0.0691
0.045
0.0598
0.048
0.0281
0.0444
0.0182
0.0225
0.0256
0.0471
0.04
0.1373
0.0431
0.0665
0.0296
0.0381
0.0571
0.0938
0.0266
0.0425
0.0426
0.0632
0.0716
0.1153
0.035
0.0746
0.0524
0.03
0.0533
0.0312
0.0349
0.0585
0.0566
0.0361
0.0412
0.0258
0.0357
0.0254
0.0387
0.0862
0.0423
0.0474
0.1091
0.1792
0.0364
0.0273
0.0273
0.1539
0.0274
0.0674
0.0604
0.0355
0.0355
0.0373
0.0551
0.0155
0.0623
0.0813
0.0619
0.0247
0.0384
0.0563
0.0588
0.0487
0.0529
0.0341
0.0364
0.089
0.0444
0.1103
0.0487
0.0216
0.0839
0.0833
0.0284
0.0984
0.1357
0.0749
0.0446
0.0374
0.0204
0.0316
0.0237
0.0423
0.06
0.0349
0.1293
0.0391
0.0669
0.0349
0.0254
0.0402
0.0507
0.0449
0.0672
0.0583
0.1164
0.0503
0.2042
0.0278
0.0539
0.067
0.0301
0.0687
0.1004
0.0972
0.0395
0.0639
0.0178
0.0248
0.0487
0.0526
0.1064
0.0147
0.0563
0.0301
0.1569
0.0171
0.0501
0.0564
0.1042
0.1007
0.036
0.0638
0.0533
0.0347
0.0483
0.0331
0.0423
0.0244
0.0252
0.054
0.0497
0.0345
0.0259
0.108
0.0346
0.0638
0.0282
0.0674
0.045
0.109
0.0938
0.0197
0.0809
0.0886
0.013
0.0611
0.1685
0.035
0.0303
0.0495
0.0541
0.1003
0.0232
0.0433
0.0331
0.0263
0.029
0.0292
0.0668
0.0494
0.032
0.0422
0.0493
0.0765
0.0398
0.0502
0.0832
0.1357
0.0258
0.0607
0.0805
0.0402
0.0292
0.0711
0.0548
0.0246
0.0301
0.0585
0.052
0.0574
0.1213
0.0307
0.1286
0.0289
0.1075
0.0275
0.046
0.0265
0.0418
0.0242
0.0339
0.127
0.0387
0.0221
0.0236
0.064
0.0948
0.0597
0.0324
0.0368
0.0645
0.0293
0.0581
0.022
0.0392
0.1441
0.0608
0.0347
0.0339
0.0172
0.0293
0.0233
0.0414
0.0204
0.0341
0.0305
0.0437
0.0218
0.0792
0.0588
0.0349
0.0559
0.0174
0.087
0.0357
0.0501
0.0168
0.0336
0.0556
0.0357
0.0446
0.0753
0.0452
0.0665
0.0737
0.032
0.0339
0.0536
0.0273
0.0867
0.0393
0.0246
0.0365
0.0164
0.1777
0.0558
0.0266
0.0988
0.029
0.0475
0.0601
0.0309
0.0355
0.0491
0.0252
0.0396
0.0491
0.0526
0.0244
0.0628
0.0366
0.0229
0.0248
0.0673
0.0155
0.0518
0.0191
0.0878
0.0361
0.0163
0.0966
0.0213
0.0296
0.0628
0.0366
0.0197
0.0205
0.0482
0.0353
0.0896
0.0372
0.0389
0.0464
0.0312
0.0551
0.0305
0.0199
0.0205
0.0239
0.0581
0.0547
0.0392
0.0301
0.0331
0.0752
0.0551
0.0518
0.0294
0.046
0.0645
0.0619
0.0194
0.0574
0.0674
0.1231
0.1159
0.0908
0.084
0.0727
0.0798
0.0495
0.1427
0.125
0.0829
0.1212
0.0699
0.1183
0.0786
0.0942
0.0499
0.071
0.1372
0.087
0.0475
0.0498
0.1301
0.0974
0.1019
0.1664
0.0731
0.09
0.1764
0.0801
0.0818
0.114
0.0757
0.0867
0.0826
0.089
0.0959
0.1634
0.0289
0.1319
0.0984
0.0748
0.135
0.0794
0.0682
0.0471
0.1066
0.0773
0.086
0.0829
0.068
0.0742
0.1741
0.0886
0.0981
0.0609
0.0885
0.1125
0.1475
0.1005
0.1313
0.0668
0.1361
0.0707
0.1
0.0399
0.0966
0.1174
0.0707
0.1073
0.0571
0.0878
0.1071
0.1007
0.1288
0.0967
0.1426
0.1091
0.0488
0.0942
0.0525
0.141
0.028
0.0708
0.0668
0.0863
0.1353
0.0799
0.0601
0.114
0.1133
0.0478
0.0874
0.2198
0.0255
0.0248
0.0692
0.1494
0.1395
0.0798
0.0965
0.2531
0.2849
0.0915
0.0482
0.067
0.0958
0.1034
0.1138
0.0893
0.082
0.0908
0.0661
0.0862
0.0605
0.1043
0.0691
0.071
0.1673
0.1543
0.0788
0.1072
0.1399
0.1335
0.0915
0.141
0.0925
0.082
0.1115
0.121
0.0746
0.0491
0.1544
0.0668
0.1092
0.0632
0.1834
0.0782
0.0807
0.2107
0.0829
0.0448
0.0905
0.1189
0.0499
0.2564
0.0715
0.1113
0.0909
0.0866
0.0567
0.1121
0.1176
0.1109
0.0943
0.0928
0.2773
0.0984
0.0872
0.079
0.0687
0.1092
0.1151
0.0669
0.1064
0.0946
0.0763
0.1095
0.06
0.0828
0.0521
0.1171
0.1682
0.0744
0.0687
0.0862
0.0693
0.081
0.0853
0.1009
0.0877
0.1752
0.0737
0.1011
0.1037
0.0773
0.0825
0.1263
0.1065
0.1157
0.1102
0.0868
0.0889
0.0936
0.0756
0.1419
0.065
0.0658
0.1031
0.1815
0.09
0.0853
0.0853
0.0963
0.0662
0.0935
0.073
0.1676
0.0605
0.1292
0.1189
0.0746
0.1498
0.2776
0.1199
0.0889
0.0355
0.1102
0.0776
0.1741
0.1099
0.0851
0.1016
0.1322
0.1187
0.0958
0.0768
0.0772
0.0881
0.0722
0.132
0.0934
0.1009
0.0877
0.0746
0.1149
0.0746
0.0201
0.0944
0.0642
0.0917
0.0848
0.0718
0.2217
0.0669
0.1107
0.0834
0.103
0.1085
0.0927
0.0868
0.0845
0.1153
0.1636
0.2955
0.0573
0.2453
0.1076
0.0866
0.1065
0.0613
0.113
0.0719
0.1028
0.0537
0.0999
0.1102
0.0737
0.0882
0.1042
0.1035
0.0788
0.0445
0.0758
0.1049
0.0655
0.065
0.0617
0.1138
0.0967
0.1053
0.1426
0.0807
0.1284
0.0925
0.0788
0.1593
0.092
0.0776
0.2225
0.0657
0.1109
0.0868
0.0821
0.1083
0.1151
0.0841
0.1109
0.0691
0.0954
0.0991
0.0799
0.0881
0.1126
0.1034
0.0695
0.0263
0.0365
0.0813
0.0997
0.048
0.0912
0.057
0.0602
0.089
0.0516
0.0493
0.0463
0.0467
0.0338
0.036
0.0284
0.0649
0.1545
0.1129
0.0274
0.0528
0.0326
0.1202
0.0533
0.0696
0.0912
0.0669
0.09
0.0403
0.0418
0.0468
0.0418
0.0471
0.0503
0.0896
0.0385
0.032
0.0265
0.0758
0.0444
0.0696
0.0404
0.0419
0.0536
0.0574
0.0665
0.0457
0.0555
0.0826
0.0889
0.1073
0.0324
0.0792
0.0408
0.0482
0.1193
0.0715
0.0849
0.0836
0.0459
0.0516
0.0569
0.0874
0.0463
0.0354
0.103
0.0463
0.0961
0.0311
0.0389
0.0742
0.0429
